"id","V1","V2","V3","V4","V5","V6","V7"
"1_1",0.055894742171868,0.929293717671789,0.0140735495995654,0.000678317933155778,5.20009633130765e-05,7.47956917230562e-06,1.92091136133825e-07
"1_1",0.969111651335076,0.0270570295676377,0.00342506572492256,0.000332258042357107,7.2474850433843e-05,1.30419969926956e-06,2.16279873186891e-07
"1_1",0.0536391271084286,0.93859438734107,0.00709995551171717,0.000607499378021824,5.22897027768376e-05,6.6003197542115e-06,1.40638231074674e-07
"1_1",0.0617154009802807,0.148767573078026,0.770241397003085,0.0182471627657125,0.000933030685955896,9.05422555842564e-05,4.89323135541475e-06
"1_1",0.257932398050379,0.0877896054817383,0.405332807057581,0.238795951799395,0.00910312311739783,0.000962491962952294,8.36225305560272e-05
"1_1",0.997477186648607,0.0022526535697602,0.00023389804964082,3.13742135682705e-05,4.73063923105901e-06,8.82672242562106e-08,6.86119688834009e-08
"1_1",0.178363439157026,0.808132022145465,0.0124562795145447,0.000987233231388748,5.32583530645514e-05,7.57919135223136e-06,1.88407158587033e-07
"1_1",0.225562772147238,0.187291525114984,0.523914424458865,0.0590291062670041,0.00392152310703922,0.000257296400586624,2.33525042833398e-05
"1_1",0.998341237180525,0.0014749120170914,0.000154985362562703,2.78564485813684e-05,9.47828382344701e-07,5.46349268542148e-08,6.52793046989639e-09
"1_1",0.0784129917622183,0.178277776291806,0.711838979454425,0.027062248560983,0.00425753155769677,0.000138675080562902,1.17972923078987e-05
"1_1",0.0615939288709542,0.923420450946362,0.0133606564037556,0.00147792667052435,0.000137245343305033,8.9888565998704e-06,8.02908499353735e-07
"1_1",0.991233991975586,0.00780574047088396,0.000826044575791103,0.00013018037547537,3.39001015387874e-06,6.17136116154765e-07,3.54559938621599e-08
"1_1",0.107155775954416,0.116478557584611,0.763283351621622,0.0121587401967434,0.000862728265165938,5.44210956835288e-05,6.42528175869156e-06
"1_1",0.99527808786603,0.00406997020434639,0.000604122633096233,4.52070124559451e-05,2.52607342807817e-06,8.42879975051764e-08,1.92264545734486e-09
"1_1",0.717707586257395,0.196452849590216,0.0815093404805339,0.00402837648484921,0.000275976604333613,2.51715413913633e-05,6.99041281014567e-07
"1_1",0.0444981919886481,0.9475267341329,0.00731173802354756,0.000585211246268521,7.27092208552485e-05,5.01074432484616e-06,4.04643455296357e-07
"1_1",0.293894818647127,0.0600739517380476,0.619715675370883,0.024411475299116,0.00170191386862669,0.000186755678929089,1.54093972710088e-05
"1_1",0.0432557268858188,0.909299576952826,0.0408795883919347,0.00619193475380107,0.000346922746132774,2.34197274615007e-05,2.83054202479204e-06
"1_1",0.899779505084473,0.0957671610090122,0.00395233656015821,0.00045668075149411,4.15310446594083e-05,2.36759466650253e-06,4.17955536192369e-07
"1_1",0.0840106701641106,0.0598699565325915,0.811166895277186,0.039718622526913,0.00368403842535882,0.0015038380685537,4.59790052863641e-05
"1_1",0.158262161928534,0.134319875823768,0.649756007359308,0.0535608651706569,0.00380697856297829,0.000269861111543201,2.42500432109518e-05
"1_1",0.165877114735068,0.785583047962092,0.0436667702666545,0.00440288745329843,0.000427352403192275,3.50300413854067e-05,7.79713830945945e-06
"1_1",0.355579330722936,0.60966949941051,0.0306009005142383,0.00382377152243246,0.000287025026177564,3.65082701492992e-05,2.96453355625667e-06
"1_1",0.318699831887442,0.163786193224409,0.506772547568157,0.0094690354506819,0.00119658513753883,6.49483611542699e-05,1.08583706174987e-05
"1_1",0.996719942007594,0.002881072412344,0.000338499642010087,5.29680191341822e-05,7.27771490329658e-06,2.01359297772656e-07,3.88447171313604e-08
"1_1",0.0369496827282423,0.95174208371893,0.0100329272662157,0.00120772192086428,6.29987027018736e-05,2.94553579908317e-06,1.64012724699167e-06
"1_1",0.951881725724429,0.033761594399607,0.0128496118847754,0.0014038302313364,9.56009317483894e-05,6.48514658706076e-06,1.15168151681916e-06
"1_1",0.350972526107069,0.0656596606665967,0.518487128152616,0.0617276529447015,0.00294966220703337,0.000184455143873145,1.89147781104842e-05
"1_1",0.0576371677999016,0.921312124916237,0.0193158752760375,0.00151937117627824,0.000202765991858806,1.05664118277931e-05,2.1284278589756e-06
"1_1",0.057270738403374,0.925815663845168,0.0157264072849005,0.001067584187719,0.000113393496445014,5.75224346788552e-06,4.60538925917363e-07
"1_1",0.0759099500378837,0.0822102057884119,0.813730902320698,0.025956941725702,0.0019651990103718,0.00021865572229019,8.1453946422375e-06
"1_1",0.961218855142861,0.0293141870722638,0.00790025367106771,0.00151993002632462,4.13051861784358e-05,4.9868035229447e-06,4.82097781763304e-07
"1_1",0.0633613229645481,0.220647230550505,0.69171540490421,0.0233054545728849,0.000915316745383667,4.9908501116675e-05,5.36176135148547e-06
"1_1",0.992605415847037,0.00657804742544653,0.000628775226505156,0.000178604037465032,8.33514421282759e-06,8.1769504646489e-07,4.62428716082107e-09
"1_1",0.100323925039094,0.893589278333248,0.00550093389434236,0.000527291716557045,5.21698877226271e-05,4.68717671513322e-06,1.71395232091445e-06
"1_1",0.99547901535105,0.00403387055548107,0.000461039055745267,2.45090492458647e-05,1.41160707973999e-06,1.48843985661864e-07,5.53741232037827e-09
"1_1",0.949396783766499,0.0387226761554755,0.00976811282094558,0.00196563999706669,0.000141319051800504,4.08845129725439e-06,1.37975691539544e-06
"1_1",0.0740806993921595,0.919876661291448,0.00563458023493153,0.000336724716040288,6.71130721346981e-05,3.69162774741418e-06,5.2966553857471e-07
"1_1",0.18431303499375,0.322853170323761,0.460432457204791,0.0302616905739502,0.00186348720705568,0.000263572403735796,1.25872929564525e-05
"1_1",0.525840440020328,0.437272513041303,0.033441285001535,0.00280933835592825,0.000562731678315599,5.63622023092215e-05,1.73297002803023e-05
"1_1",0.945406188912491,0.049570556682847,0.00476178515430954,0.000238683373864926,2.2185539011983e-05,4.90257903951333e-07,1.10079571827866e-07
"1_1",0.108062112852639,0.853709438059969,0.0325609996558232,0.00518226342373633,0.000469857281264829,1.43632678656984e-05,9.65458701823897e-07
"1_1",0.940780681668547,0.053347044427227,0.00542102787474324,0.000403755024760469,4.56557458970622e-05,1.75938647727447e-06,7.58723478353611e-08
"1_1",0.109288707724134,0.878959559544254,0.0106548281644643,0.00103196895227659,6.19648361809435e-05,2.7120048547858e-06,2.58773835100649e-07
"1_1",0.966845559890121,0.0300184009258461,0.00288258353231311,0.000244783184735964,8.35136530544532e-06,2.95890818797936e-07,2.5210859616065e-08
"1_1",0.994452828540465,0.00496379642980865,0.000537821670767925,4.31681679816422e-05,2.28267705356029e-06,9.0465779472792e-08,1.20481441505724e-08
"1_1",0.142454503261846,0.769639824391505,0.0814810462590168,0.00589857633794236,0.000501045318728357,2.22140569918546e-05,2.79037396915437e-06
"1_1",0.618986716002626,0.223899293266875,0.143377930666104,0.0120787582517292,0.0015043362082832,0.000147356858771981,5.60874561061937e-06
"1_1",0.992792275320098,0.00507751443704521,0.00192059097921369,0.000172290694938829,3.59474913811802e-05,1.36252848549685e-06,1.85488377778084e-08
"1_1",0.155406887510025,0.0833152383254155,0.723990690111176,0.0342459336803051,0.00284858622253943,0.000163692665705891,2.89714848333139e-05
"1_1",0.142456352067728,0.842904946298154,0.0131358283505795,0.00138931530300313,0.000108586640954297,4.47842917814559e-06,4.9291040242733e-07
"1_1",0.993787708136707,0.0055246205622338,0.000648474077632588,3.81196639034771e-05,9.87185723466613e-07,8.71556020889925e-08,3.21819800338789e-09
"1_1",0.0681029026706388,0.921521550407295,0.00944116654358091,0.000861830852861546,6.57131591585815e-05,5.97295832476659e-06,8.63408140052451e-07
"1_1",0.957344230221202,0.0378391050039841,0.00450519320749424,0.000292777459482968,1.72086703417639e-05,1.4019900453483e-06,8.34474492390814e-08
"1_1",0.0812611172402966,0.0410623487445068,0.85820240000109,0.0185155888462746,0.000859038811162748,8.96962239783876e-05,9.81013269128959e-06
"1_1",0.778537231970257,0.164735711207984,0.0526881354338968,0.00368042179888613,0.00032233861246442,3.16874309100892e-05,4.47354560149548e-06
"1_1",0.50864660505876,0.466022805875498,0.0221909911756307,0.00281713610856735,0.000302492266755314,1.75972250962112e-05,2.37228969192315e-06
"1_1",0.996086027361313,0.00351431929429437,0.00037746139411825,1.96862226332245e-05,2.22088129499778e-06,1.9069372058169e-07,9.4152625092206e-08
"1_1",0.121421339655282,0.100911151982208,0.762823799181877,0.0122897536838027,0.00226578375746496,0.000222825596871651,6.5346142493289e-05
"1_1",0.0459833383799001,0.94585137886344,0.007311430383737,0.000788676971588316,5.28893205827099e-05,1.08863212684064e-05,1.39975948340931e-06
"1_1",0.989684643358252,0.00942687295042063,0.000837622337073021,4.16319743956533e-05,8.98888716618554e-06,8.01221015539909e-08,1.6037059063965e-07
"1_1",0.0686898508135221,0.920962837633893,0.00949467270386312,0.000766972959885594,7.86243618817179e-05,6.8954610527497e-06,1.46065901524569e-07
"1_1",0.0724601282972813,0.100540497736814,0.717586058766608,0.105641745954981,0.00348839849415624,0.000262566421431674,2.06043287278482e-05
"1_1",0.173115831169138,0.811803238862379,0.0136395475317445,0.00132720375421581,9.11405770646115e-05,2.24582520531697e-05,5.79853405181839e-07
"1_1",0.409754929304969,0.533781108779289,0.0523261010144976,0.00358899890918996,0.000489897707264589,5.61099634836898e-05,2.85432130645613e-06
"1_1",0.996709809633906,0.002807063322582,0.000411260083252283,6.98119301239199e-05,1.62497861339505e-06,4.28254043357187e-07,1.79747926750537e-09
"1_1",0.2222330008695,0.635578292827714,0.135555140026166,0.00568078627370255,0.000897653858070174,4.60665892846832e-05,9.05955556199677e-06
"2_1",0.997734767257002,0.00200198023006547,0.000234938280891517,2.52644207487243e-05,2.94412762256521e-06,5.91036124272565e-08,4.6580057564875e-08
"2_1",0.0494844113378865,0.939934964868264,0.00948160367693298,0.0010251702906478,6.46835556564402e-05,8.57560158922244e-06,5.90669023077875e-07
"2_1",0.984683013729405,0.0132813780290636,0.0017214496145859,0.000299260159115959,1.44664900958392e-05,4.23588840075964e-07,8.38889387442461e-09
"2_1",0.113033816497571,0.866189569931911,0.018764104702945,0.00187292032791964,0.000130295028949057,6.20686085929588e-06,3.086649844642e-06
"2_1",0.693178044710529,0.230677499403164,0.0698487305161815,0.00588933317959837,0.000360491146357465,4.06623053053782e-05,5.23873886407728e-06
"2_1",0.249171217770318,0.158518843598443,0.557011096506076,0.0326529754979443,0.00245389788224491,0.000182874436865966,9.09430810799287e-06
"2_1",0.0626483192055036,0.916337899833063,0.0193287433334323,0.00142463570282945,0.000249364736856798,1.02884926317227e-05,7.48695682955791e-07
"2_1",0.0654839868698778,0.0451373474656664,0.857477288857153,0.0286056513460606,0.00301368705223974,0.000255548919625983,2.64894893765732e-05
"2_1",0.0227317005757782,0.55132892980748,0.415449168531481,0.0096130437465352,0.000828584881523632,4.42381999530696e-05,4.33425724877673e-06
"2_1",0.998119447187838,0.00169382999751421,0.000170439635314131,1.47020402257853e-05,1.39363096381538e-06,1.67502800007766e-07,2.00053441312511e-08
"2_1",0.0775393267944101,0.91193904365768,0.00960305435470906,0.00083122116941263,8.11415558143044e-05,5.50265877504505e-06,7.09809198995202e-07
"2_1",0.218698980870637,0.150455816159586,0.614768000021578,0.0148687036818149,0.00116058960977155,4.19770394421625e-05,5.93261717038846e-06
"2_1",0.131651854932316,0.857195916286409,0.0100154814139289,0.00106069781365426,7.33389960779259e-05,2.58007258677191e-06,1.30485026493923e-07
"2_1",0.912245789768636,0.0795596013165404,0.00727016768918038,0.000846519060248133,6.98176855628819e-05,7.72569932247277e-06,3.7878050966737e-07
"2_1",0.16269560054373,0.0677201589249034,0.716421262851932,0.0490870523412579,0.00363468147144112,0.000416941515646806,2.43023510888396e-05
"2_1",0.278586146172081,0.390067346119764,0.312389473314483,0.0167472648036541,0.00187444027311019,0.000323162269113276,1.2167047794266e-05
"2_1",0.996817626308694,0.00273180617071507,0.000431826807414899,1.71811804473916e-05,1.31438342832688e-06,2.39054521853713e-07,6.09477819836011e-09
"2_1",0.0263194851989708,0.966360390293003,0.00680885468075413,0.000474026455574965,3.49342881906177e-05,2.02858946485773e-06,2.8049404139888e-07
"2_1",0.903419029962976,0.0907203944128988,0.00507537185664692,0.000727279376286335,5.43637501143683e-05,3.30932904563296e-06,2.5131203212775e-07
"2_1",0.0651877894496698,0.920048223616361,0.0134315206131183,0.00121553508196174,0.000110650044407952,6.01262269608059e-06,2.68571785400859e-07
"2_1",0.214944277805214,0.0832972977354041,0.667483410216427,0.0326327168856769,0.00152718085485294,0.000107536881642868,7.57962078252944e-06
"2_1",0.0241845114157194,0.971865174914952,0.00367653428337899,0.000253865013878524,1.59243777853229e-05,3.18911302448424e-06,8.00881261714914e-07
"2_1",0.100556423457601,0.143577322367411,0.740959863423131,0.0129233305299673,0.00193376364542079,3.51040135552725e-05,1.41925629140315e-05
"2_1",0.994457269105402,0.00497190890327951,0.000524273921363738,4.19157083158286e-05,4.50187788540793e-06,1.26725194028081e-07,3.75855925695363e-09
"2_1",0.0272391936209242,0.743002333896746,0.222115155729509,0.00714082997526282,0.000473419023805654,2.76206338684062e-05,1.44711988455727e-06
"2_1",0.967642346658907,0.0294600810535589,0.00264515950928659,0.000247170704132254,4.88752749674072e-06,1.91702610721885e-07,1.6284400805498e-07
"2_1",0.956580285273938,0.0412236973181485,0.0019621678148298,0.000211630546231928,1.99450766138945e-05,2.0373559762292e-06,2.36614261239382e-07
"2_1",0.0554335766362226,0.734071072284197,0.191143266911485,0.0180572388500658,0.00121425749039179,7.68016998751285e-05,3.78612776302388e-06
"2_1",0.980450059426009,0.016987872477127,0.00231479549552942,0.000219054846548032,2.62508430657323e-05,1.80362400209828e-06,1.63287718508569e-07
"2_1",0.32021856878566,0.638543207577327,0.0372466492470718,0.00341933337013074,0.000508659542185638,6.18407584934037e-05,1.74071913145653e-06
"2_1",0.962227384220316,0.0225820452225269,0.0144377871354789,0.000698627913121372,5.19215093988046e-05,1.53160720003429e-06,7.02391957651792e-07
"2_1",0.149975741540981,0.841833503962615,0.00675450742763497,0.00139197799749618,4.02567627774792e-05,3.66443571949391e-06,3.47872776490288e-07
"2_1",0.979222193212956,0.0187490080582689,0.00178434422084468,0.000183861702370553,5.42835229513453e-05,5.98848153959554e-06,3.20801068711818e-07
"2_1",0.528028626088616,0.068086160192122,0.322556148202178,0.0786553980350629,0.00249455535362047,0.000166622017361615,1.24901110384619e-05
"2_1",0.0818543531360145,0.887874773687469,0.0275064753973546,0.00255390240136707,0.00019864557848523,1.14820882254692e-05,3.67711084439844e-07
"2_1",0.995087821386118,0.00434253994387538,0.00053213134034494,3.40236263652958e-05,3.29687859563247e-06,1.80091640690651e-07,6.7330603154087e-09
"2_1",0.763189063263259,0.228095859680207,0.00780427144299487,0.000809074318565847,8.25829581241699e-05,1.84573374382852e-05,6.90999411029347e-07
"2_1",0.335975269138999,0.619972955031825,0.0406449765108357,0.00304385665226818,0.000348613277984565,1.40346175678932e-05,2.94770520390247e-07
"2_1",0.0984190395587901,0.88996445671001,0.0103411015522233,0.00107531395155036,0.000183395783844911,1.61539252244094e-05,5.3851835703332e-07
"2_1",0.0768002420652139,0.0864287155788522,0.803055379158909,0.0317362004275211,0.0018342772807193,0.000130417706865604,1.47677819188481e-05
"2_1",0.993458761469585,0.00563586514680062,0.000827076512800973,7.65512873239984e-05,1.29125363060408e-06,4.4535516754861e-07,8.9746917250734e-09
"2_1",0.099868343080022,0.83380536679538,0.0625933588182512,0.00338903605924444,0.000314726001241246,2.76443964297863e-05,1.52484943168611e-06
"2_1",0.220708242192126,0.099617847926556,0.653373553225358,0.0244500027381969,0.00171715500156516,0.000122826350640052,1.03725655574824e-05
"2_1",0.177800646397846,0.17065456837636,0.623532249216754,0.0255806217348731,0.00196467697145341,0.000414153778182426,5.30835245304004e-05
"2_1",0.184727056243898,0.601146809872972,0.198077916278539,0.0149460008935841,0.00100690022446277,9.13584098602557e-05,3.95807668323436e-06
"2_1",0.992262354040029,0.00703188472929627,0.000662723333648459,4.04188800305049e-05,2.3458592837459e-06,2.68976171156848e-07,4.18154124402729e-09
"2_1",0.034739612385276,0.873265938307014,0.08809475373245,0.00364510329068249,0.000230800106473727,2.11887421365836e-05,2.60343596672328e-06
"2_1",0.0814763359300409,0.0581623011872726,0.842018044929853,0.0170707794844692,0.00115112606312214,0.000113739706406923,7.67269883534785e-06
"2_1",0.996317732620004,0.00316147677288489,0.000489940573381819,2.96403469325686e-05,1.00797157174974e-06,1.82489739581106e-07,1.92254855845217e-08
"2_1",0.0256774011155473,0.936633100423634,0.0350690435843124,0.00236879748259599,0.000237502457473256,1.31578936136721e-05,9.97042823298782e-07
"2_1",0.991094310949387,0.00792564971376133,0.000929566199991534,4.51314811332089e-05,5.09397495156796e-06,2.1319708908157e-07,3.44836866533675e-08
"2_1",0.965255873718166,0.0305573832174549,0.00388564079431334,0.000284483037193749,1.41318275881753e-05,2.46120795203085e-06,2.61973314169894e-08
"2_1",0.0551146219376412,0.92715940435029,0.0164302588745245,0.00118395021057585,0.000100214329231359,8.79457537985437e-06,2.75572235731987e-06
"2_1",0.990029579229448,0.00753226774810062,0.00227949781671189,0.00014127316025166,1.26157067240014e-05,4.54543390771627e-06,2.20904856515616e-07
"2_1",0.0349055565071913,0.93919541422453,0.0242555142608071,0.00151273813191559,0.000116083582525356,1.37557998728063e-05,9.37493157450396e-07
"2_1",0.0453983723950747,0.165306063013518,0.765157464433643,0.0226364255802895,0.00141717868642664,7.91415212878055e-05,5.35436976111319e-06
"3_1",0.883050039047378,0.0862158539074687,0.0270114375908365,0.00345272305835668,0.00025499450806079,1.40991030863875e-05,8.52784812912722e-07
"3_1",0.968759582987657,0.0281973504367451,0.00253575049781969,0.000483246853867534,8.77063277713274e-06,3.45829111834982e-06,1.18403000151566e-05
"3_1",0.0550184910280533,0.925806847762033,0.0177898049163803,0.00123626782218432,0.00012353033754428,2.46964472557336e-05,3.61686549159013e-07
"3_1",0.99735739516193,0.0023573316884115,0.000267238247877847,1.64927936834592e-05,1.41330315800634e-06,1.15275092202875e-07,1.35298472274692e-08
"3_1",0.112415368651833,0.871668987278672,0.0143333438666144,0.0014150600624593,0.000140271505809217,2.42012244138337e-05,2.76741019876333e-06
"3_1",0.396762566706582,0.582587673863184,0.0185368587145917,0.00192215224899344,0.000155853699302749,3.1985431674522e-05,2.90933567077008e-06
"3_1",0.970849285490669,0.025354637914768,0.00345247881838882,0.000301239938353362,3.96324932138276e-05,2.70790790420024e-06,1.74367031821114e-08
"3_1",0.143120085401382,0.142658124828965,0.67860073716612,0.0326095531595497,0.00280281544557883,0.000187966800300232,2.0717198105111e-05
"3_1",0.015740641161286,0.953380073198095,0.0291654210800645,0.00159870735630973,0.000103081587728183,1.13812250167557e-05,6.94391499702822e-07
"3_1",0.995889071071577,0.0036390605227587,0.000430149031509593,3.0447277365387e-05,1.01204298153131e-05,3.62180135135255e-07,7.89486838618411e-07
"3_1",0.918386071776122,0.0263689967240345,0.0510094672240709,0.00401652413406068,0.000193565086752787,2.44105170709981e-05,9.64537888657955e-07
"3_1",0.071798097245398,0.892265574688544,0.0331364897945218,0.00234387507491772,0.000437047767178731,1.83145095935061e-05,6.00919845875126e-07
"3_1",0.975695543305263,0.0183617720117444,0.00566769595614805,0.000259467673279314,1.49363616177593e-05,3.83313753850752e-07,2.01378193755288e-07
"3_1",0.075434817389284,0.0964574903723096,0.812144282409398,0.01491837794978,0.000956713363779604,7.87680889988923e-05,9.55042644967562e-06
"3_1",0.145703687878677,0.798091209997318,0.043919533024813,0.0107023870799115,0.0014449288441153,0.000132165050158882,6.08812500660737e-06
"3_1",0.205747706430251,0.364237390063874,0.402756216850129,0.0246752120168731,0.00234947129100937,0.000224656874035882,9.34647382837597e-06
"3_1",0.828275042832911,0.168567353856296,0.00274838770237396,0.000376327439002572,2.84302084255473e-05,4.24089107731424e-06,2.17069913279743e-07
"3_1",0.0612321644312769,0.927861665334034,0.00984847573014748,0.000972441574343812,7.44095098833146e-05,8.68448717299319e-06,2.1589331419308e-06
"3_1",0.629732657931886,0.115080743569188,0.244757014684705,0.00944965021674616,0.000914017162983255,6.28446334141762e-05,3.07180107686542e-06
"3_1",0.963868009043658,0.0318337405780137,0.00391262433096015,0.000364572824508281,2.00956325648637e-05,8.43933801181053e-07,1.13656493526115e-07
"3_1",0.0622526282427138,0.843269269378122,0.084424787888237,0.00948559222066234,0.000519427440547691,4.51707373423639e-05,3.12409237501454e-06
"3_1",0.962840333843836,0.0346541135752545,0.00221404411733478,0.000273209339647603,1.72824418242468e-05,9.93240109836182e-07,2.34419926558299e-08
"3_1",0.0581897338612665,0.93104332048929,0.00954028781786425,0.00113383906897028,8.78358134186596e-05,4.41126258855777e-06,5.71686601753545e-07
"3_1",0.990512871818847,0.00822830968488472,0.0011691919701593,8.14124345235166e-05,7.89047231065095e-06,2.84698509210164e-07,3.89207660876578e-08
"3_1",0.0237472854455027,0.970640493253262,0.00514563691463507,0.00041629891816447,4.66581345352855e-05,3.46505502358336e-06,1.6227887702971e-07
"3_1",0.693784591842657,0.118690715510496,0.179698377535203,0.0072433633570129,0.000545135119020821,3.46207832823386e-05,3.19585232866615e-06
"3_1",0.0349135681329933,0.959312136816951,0.00525169078151442,0.000466587038121907,5.03382548616439e-05,3.51246431147063e-06,2.16651124609222e-06
"3_1",0.125281739936083,0.0992664524726092,0.766039128251271,0.00876408457091496,0.000609905449934255,3.34408678026056e-05,5.24845138471187e-06
"3_1",0.0919132852574842,0.836787787388928,0.0665088166156905,0.00433197619612981,0.000399362231553058,5.55173878560388e-05,3.25492235800002e-06
"3_1",0.988761555344688,0.0101743297577074,0.000968831845176464,8.78762593974503e-05,6.86439841629413e-06,5.14127494975468e-07,2.82671196815252e-08
"3_1",0.655814282914656,0.297541570845099,0.0427011582318273,0.0035551075184579,0.000363890425619201,2.33977762097102e-05,5.92288130948636e-07
"3_1",0.221350991044426,0.247413001454504,0.49592300886942,0.0329007956821534,0.00222395591181571,0.000170677853740867,1.75691839393815e-05
"3_1",0.0316052990525974,0.955491992002564,0.0121445728235636,0.000691504028446436,6.12055261513031e-05,5.08631677845628e-06,3.40249898705179e-07
"3_1",0.993911294680675,0.00533996641168299,0.000621497379854118,0.000122007028875978,4.68946421741635e-06,3.73377565275829e-07,1.71657129032193e-07
"3_1",0.054647362494314,0.167371649627581,0.755767077982011,0.0208094382128425,0.00133474807691769,6.51170585876919e-05,4.60654774547785e-06
"3_1",0.997950090701663,0.00177562745780878,0.0002537685747282,1.93281718498956e-05,1.08489552322136e-06,9.51975799347762e-08,5.00084721136372e-09
"3_1",0.0924226852554454,0.219700341373634,0.6306935019213,0.0539787424950994,0.00289577365011153,0.000277895367076258,3.10599373327996e-05
"3_1",0.060382190287927,0.712568679669726,0.210161523708761,0.015074298570758,0.00172180272263517,6.89349938547185e-05,2.25700463388199e-05
"3_1",0.960285506562391,0.0387036969195171,0.000913395774343434,8.64798310306242e-05,9.77251823034032e-06,1.12195487697019e-06,2.6439610551116e-08
"3_1",0.0904009242439809,0.879486231260723,0.0277328847238441,0.00216439483420861,0.000182811036222867,3.15648675326785e-05,1.18903348775037e-06
"3_1",0.981003824742948,0.0179296386747286,0.000933344867333894,0.000120829051376048,1.17180398775642e-05,6.00239546643754e-07,4.43841891872364e-08
"3_1",0.410710291233096,0.578043609238993,0.0102746285484744,0.000905027747952858,5.84385575972594e-05,7.81225537967783e-06,1.92418507468286e-07
"3_1",0.128246634275987,0.196284800132915,0.650814293856206,0.0224967405010678,0.00193298308589123,0.000215528265881473,9.01988205155628e-06
"3_1",0.997468603181643,0.00212311622926195,0.0003794504405584,2.71540038138283e-05,1.59163048656674e-06,8.28752859554844e-08,1.63895072271735e-09
"3_1",0.0394741815202669,0.953102012955672,0.00695169532680826,0.000434014331797518,3.36153754140149e-05,4.37806748323428e-06,1.0242255829588e-07
"3_1",0.991442261872941,0.00740041478004379,0.00101471281724087,0.000136351626380567,6.07123129953324e-06,1.73755139924787e-07,1.3916954699897e-08
"3_1",0.0266034346499227,0.968430590303255,0.00456347338149549,0.000374182950288309,2.65031469873047e-05,1.67868916184885e-06,1.36878889698686e-07
"3_1",0.286013895138137,0.289672307402658,0.400684294765093,0.0220410690666393,0.00142772514561771,0.000152456582549805,8.25189930439328e-06
"3_1",0.976441943418863,0.0203688155414913,0.00294157607385289,0.000231614597002559,1.39158380282332e-05,1.90269777845238e-06,2.31832983723119e-07
"3_1",0.0783768221105171,0.863300406800368,0.0536347543746778,0.00422738341368711,0.000436178447966779,2.27551624013194e-05,1.69969038173505e-06
"3_1",0.171955382556294,0.0863859060692897,0.715586275468951,0.0236186981923552,0.00234320618865765,0.000102795326498398,7.73619795407948e-06
"3_1",0.965848182215338,0.0309541649822408,0.0028765255029724,0.000301833044255948,1.76962709657453e-05,1.5797870112847e-06,1.81972158690668e-08
"3_1",0.617396718561588,0.121675978959582,0.183925423285483,0.0680153250882468,0.00853551097744083,0.000429588852094245,2.14542755646878e-05
"3_1",0.201236093102432,0.181254162972316,0.57324180388986,0.0409945867986822,0.00305014729528522,0.000212543592319716,1.06623491047413e-05
"3_1",0.197259348066127,0.785648832250398,0.0156364144149266,0.00131614016514503,0.000108634225464889,2.9980097204154e-05,6.50780733538275e-07
"3_1",0.994377090596587,0.00502685864106619,0.0005606166337765,3.1720586311242e-05,3.3258817025943e-06,3.70837277683153e-07,1.68232791569578e-08
"4_1",0.500174492136901,0.484404227371377,0.013907399048054,0.00136815390202863,0.000127786265847782,1.69553913860899e-05,9.858844055487e-07
"4_1",0.171614301438543,0.115790734462215,0.700517472671654,0.0111604027048941,0.000757196920655545,0.00015393959778633,5.95220425213977e-06
"4_1",0.982271998541297,0.00909872156657297,0.00804120320241563,0.000517663928527932,6.70151331950364e-05,2.69158621182201e-06,7.06041779246817e-07
"4_1",0.221460082910351,0.776686025127319,0.00166084836171856,0.000174855254900825,1.7113988902403e-05,9.9479598225625e-07,7.95608264741896e-08
"4_1",0.165843262894652,0.0290217609694109,0.787611485079276,0.0160924214301595,0.00125252919234099,0.000127458703870768,5.10817302903444e-05
"4_1",0.990905497930725,0.00811661246470947,0.0007871448804019,0.000185531691516002,4.94140642847515e-06,2.57856553012804e-07,1.37696660286605e-08
"4_1",0.099325004889388,0.897962764991628,0.00234403780873421,0.000332948839238656,3.21676664936587e-05,2.95594563930171e-06,1.19858877854977e-07
"4_1",0.9780630633093,0.0198030132496978,0.00184379519366282,0.000272454405495082,1.60435295076466e-05,1.31896886086088e-06,3.1134347587848e-07
"4_1",0.972660111919927,0.0258239439758699,0.00128440008805732,0.000152284096494028,7.86475035395824e-05,5.34788612304872e-07,7.76275001555776e-08
"4_1",0.983241603676949,0.0156125165505678,0.0010646865030162,7.7128564806822e-05,3.95924803666556e-06,1.02884684907194e-07,2.57193850634164e-09
"4_1",0.06525431638522,0.932362599145841,0.00210318466909702,0.000260876496122548,1.76135527387316e-05,1.32995909808859e-06,7.97918823861959e-08
"4_1",0.996115012334454,0.00349222271451214,0.000250425768174516,0.000133919836000567,8.33354845400821e-06,8.51856730741507e-08,6.12731537528351e-10
"4_1",0.310107895996833,0.679497750029605,0.00921645106983852,0.00109150615253026,7.75758017713801e-05,8.49332639342843e-06,3.27623028853745e-07
"4_1",0.460654193297305,0.48109215358418,0.0529019285557295,0.00475867603085734,0.000551496076293303,3.93143918467331e-05,2.23806378827872e-06
"4_1",0.298667628780009,0.104500599720623,0.535295089009389,0.0552567763483508,0.00587134341841629,0.000385616886090359,2.29458371222901e-05
"4_1",0.869693421593901,0.124780255037531,0.00509737129370244,0.00037332946343437,5.12239052486983e-05,4.31076776545102e-06,8.79384170794199e-08
"4_1",0.114044659635392,0.626188605656912,0.243613976975562,0.0147727811291135,0.00129053182149528,7.74332102567283e-05,1.20115712694187e-05
"4_1",0.71218844836711,0.125810293424283,0.153940575570457,0.00728107161153541,0.000733792349126444,4.31007133135383e-05,2.71796417418123e-06
"4_1",0.401740440648704,0.575934340225506,0.0203997406167371,0.00175606705583439,0.00015760097394194,1.13401181294322e-05,4.70361147097585e-07
"4_1",0.270490859020694,0.0374792396479356,0.650355575466589,0.0373983684192878,0.00393922318199939,0.000317840154390219,1.88941091037903e-05
"4_1",0.129710585193661,0.860104226548288,0.0091574747932674,0.0009289178783413,9.27718718230555e-05,5.85608524390235e-06,1.67629375594696e-07
"4_1",0.991739848895108,0.00730306818872193,0.000816550007694367,0.000131461914709382,8.64687845352316e-06,3.89636746386984e-07,3.44785662751979e-08
"4_1",0.0428030772697726,0.955142871463615,0.00180315952387704,0.000229270084966889,2.00489855875459e-05,1.55146027073162e-06,2.1211910055623e-08
"4_1",0.14080715875046,0.0352700211016363,0.810753698705388,0.012284987308146,0.000811554074676919,6.49382090643943e-05,7.64185062849037e-06
"4_1",0.785562249213932,0.207562295963651,0.00622813174991356,0.000580701873977457,6.36150065667253e-05,2.98134154178241e-06,2.48504173985793e-08
"4_1",0.400938263506691,0.0559043953467741,0.338287519437125,0.189259938753722,0.0149825654310847,0.000566972587353021,6.03449372502981e-05
"4_1",0.821520210489374,0.175572838549232,0.00249948465327407,0.000364107575532375,4.1342333137038e-05,1.97071454109172e-06,4.56849096497458e-08
"4_1",0.0733256984863748,0.0188150448106341,0.830265974434904,0.0759741541213306,0.00148175924871068,0.000124417185109482,1.29517129367379e-05
"4_1",0.991232222893337,0.0078590389252193,0.000840535894431432,5.81084151169482e-05,9.36159599056467e-06,4.09852608396876e-07,3.224232967356e-07
"4_1",0.11754252095604,0.0905913784480486,0.77149370237751,0.0187526007205318,0.00152250690528809,8.47149312046476e-05,1.2575661376559e-05
"4_1",0.994201770008659,0.00513495467695712,0.000615195904665165,4.66134625868091e-05,1.42265941616317e-06,3.26655515074202e-08,1.06221641959021e-08
"4_1",0.20132538808608,0.794881092099879,0.00338012776521062,0.000368389058439534,3.92876552828185e-05,5.37954370253376e-06,3.35791406239708e-07
"4_1",0.987032611944161,0.0115939144687528,0.00123633800084514,0.000130755463458909,5.44633347989359e-06,9.0065949814817e-07,3.3129804213933e-08
"4_1",0.123813099170135,0.873967119310725,0.00180775530173144,0.000370638174363958,3.58234205300609e-05,5.44722390841919e-06,1.17398606181781e-07
"4_1",0.244977352411466,0.0387919357350702,0.690081934080784,0.0241753909035147,0.00191543506930964,5.62595313372894e-05,1.69226851813303e-06
"4_1",0.909996975845918,0.0397798985747026,0.0425306482201873,0.00649487843708157,0.00116399793589243,3.29148425797215e-05,6.86143638282932e-07
"4_1",0.152695132198685,0.834368796941143,0.0116623794858319,0.00115745605599636,0.000109378706268746,5.48449365968072e-06,1.37211841566995e-06
"4_1",0.981884499528183,0.0166271328066725,0.00136643944430035,0.00011129109825533,1.05093203265916e-05,1.2510660232861e-07,2.69565998492723e-09
"4_1",0.373728823376294,0.0950821318584666,0.501514149754728,0.0275687175077912,0.0018875490047321,0.000196357146976195,2.22713510124028e-05
"4_1",0.392031229069054,0.595979655167803,0.0107904653336734,0.00109862297298813,9.34342998473592e-05,5.72117867534994e-06,8.71977958208258e-07
"4_1",0.972507832719423,0.0236765322114642,0.00314727863464964,0.000633453023627597,2.4913199069722e-05,9.92742314411489e-06,6.27886218213651e-08
"4_1",0.130376481833968,0.86030172072921,0.00850418606922294,0.000772115645653219,4.20426184646019e-05,2.80145770112098e-06,6.51645780337431e-07
"4_1",0.978762874345685,0.0138722252025148,0.00675286563689695,0.000593088187015627,1.64708322386536e-05,2.15660272938727e-06,3.1919291967398e-07
"4_1",0.418581241591119,0.573022067487406,0.00713448617302959,0.00111845759118822,0.000127020154088242,1.36380363279949e-05,3.08896684141958e-06
"4_1",0.936585790935765,0.0590180086342015,0.00383809771356107,0.000527324692883643,2.721532487403e-05,2.85687702110961e-06,7.05821693709387e-07
"4_1",0.661550790351882,0.125769699409585,0.202814225435448,0.00894453460463322,0.000846992251450459,7.07085940378836e-05,3.04935296356148e-06
"4_1",0.98863832568719,0.01012030737645,0.00112479787898,0.000108270620882867,7.7725768373482e-06,5.22001010486256e-07,3.8586496670223e-09
"4_1",0.149703434915529,0.847412802187061,0.00245589217175462,0.000402883711536687,2.34425820453087e-05,1.33411317821579e-06,2.10318895277271e-07
"4_1",0.139290551734892,0.101104578168877,0.741321348703263,0.0168748857938073,0.00128284416258235,0.000114270307462997,1.15211291152119e-05
"4_1",0.997830096479594,0.00199580750884036,0.00015547543242943,1.74742096252171e-05,1.10873809566667e-06,3.42067979016437e-08,3.4246170592315e-09
"4_1",0.181021587650299,0.164360172495171,0.624341796659711,0.0281372509130973,0.00191579635942955,0.000207001319272767,1.63946030197317e-05
"4_1",0.135983040976882,0.857448268303896,0.00590789134523963,0.000607710277238201,5.03535274867103e-05,2.47544582280496e-06,2.60123434733076e-07
"4_1",0.991825155980738,0.00617608545928768,0.00188861873781163,0.000102222567524777,7.72228276483968e-06,1.66266510218206e-07,2.87053629420697e-08
"4_1",0.973926002937697,0.023758765779425,0.00214155125252671,0.000168254116434786,4.81536514491028e-06,5.82880834237898e-07,2.76679368308655e-08
"4_1",0.201963432940411,0.159953489694207,0.619132970585212,0.0169808511396958,0.00178854137940306,0.00015979556350413,2.09186975676813e-05
"4_1",0.645183358742364,0.335330716593517,0.0172520422412032,0.00203763504450248,0.00018343502087863,1.10505925980026e-05,1.7617649371252e-06
"4_1",0.0696897973344683,0.927453288765839,0.00257232880572425,0.00025666944351335,2.37463793797063e-05,3.44430920247394e-06,7.2496187340762e-07
"4_1",0.166881752080768,0.0306980255989043,0.786630411465802,0.0147192750025993,0.000987335867728256,7.47510348936359e-05,8.44894930382247e-06
"4_1",0.158755687752374,0.825798689995769,0.0139960573194356,0.00134118771504505,9.87628458809562e-05,8.54716022743663e-06,1.06721126857163e-06
"4_1",0.875944911832721,0.0601927011069942,0.0604388013314838,0.00315851565078155,0.000243962538422489,1.94049734228938e-05,1.70256617451604e-06
"4_1",0.97870031575805,0.0126713781844054,0.00809926267459202,0.000494479890151706,3.19265200937082e-05,2.53337611526004e-06,1.03596591442289e-07
"4_1",0.0743981311303112,0.917963347012601,0.00708414440371039,0.000506031428263875,4.39135874096891e-05,4.26329990082701e-06,1.69137803406293e-07
"4_1",0.994872598489386,0.00453235213102679,0.000552722288712773,3.88441498820765e-05,3.32605011545165e-06,1.47875189115913e-07,9.01568803919154e-09
"4_1",0.186414586129008,0.802168673461456,0.0101913033370793,0.00112717943309929,8.2969143110457e-05,1.44974935374335e-05,7.91002709750643e-07
"4_1",0.109696364263079,0.0808022560889994,0.7987258394687,0.00985227831798544,0.000831942704579744,8.4783562991129e-05,6.53559366483281e-06
"4_1",0.970628823509848,0.0265548807514436,0.00246306309725951,0.000324521092833738,2.74514586519969e-05,1.23908759426085e-06,2.10023688052674e-08
"4_1",0.984154651810344,0.0134967309261822,0.0019971449205673,0.000332408594163576,1.79268259415859e-05,8.21485239885115e-07,3.15437561190926e-07
"4_1",0.89213852960316,0.101480961397472,0.00568542457265504,0.000650037750057923,3.03877669568315e-05,1.45789400086769e-05,7.99696899388186e-08
"4_1",0.302542487559863,0.170557731727302,0.496085322787391,0.0284360945227654,0.00211711054291235,0.000253035006867972,8.21785289809902e-06
"4_1",0.260031983829051,0.72054281860327,0.0170395530061703,0.00166087275666778,0.000649007307881326,4.34468688619849e-05,3.23176280974821e-05
"4_1",0.993757242092828,0.00553419512730574,0.000599430824856987,0.000102695083436154,4.81000709699672e-06,1.62384195705848e-06,3.02251897594064e-09
"4_1",0.122794107636278,0.874537239119232,0.00236496991944588,0.000275460061539537,2.47201372859013e-05,3.4254451446922e-06,7.76810741898023e-08
"5_1",0.772810267491372,0.220189180254993,0.00624090622153371,0.000696582480668134,5.6185479679547e-05,5.95439006966051e-06,9.23681683644518e-07
"5_1",0.198699970564429,0.0540267725819597,0.684476385705731,0.0603497689608042,0.00222331671102871,0.000196185407703609,2.76000683437129e-05
"5_1",0.984009458394627,0.0150615617771448,0.000835821500795686,6.49383840953138e-05,2.74789177708825e-05,7.03969045766854e-07,3.70565202918081e-08
"5_1",0.965060486878255,0.0318075866341726,0.00278290853058702,0.000302924287155436,4.22645373165753e-05,3.77796185595774e-06,5.11706575835229e-08
"5_1",0.0693813909954763,0.925142601432723,0.00489063391618148,0.000485261792215872,8.79544958539455e-05,1.15333683226719e-05,6.23999226795858e-07
"5_1",0.927020365486347,0.060429975537488,0.0113842187141425,0.00103259119183927,0.000127911166804424,4.64705077438726e-06,2.90852604572529e-07
"5_1",0.910608985219436,0.0860558518757315,0.00295836717458195,0.000310440431866219,6.42589787280126e-05,1.92585205382167e-06,1.70467602935451e-07
"5_1",0.113181018909959,0.0242493253104606,0.846445141918397,0.015118206568882,0.000889976621261575,0.000107928383060251,8.4022879796794e-06
"5_1",0.991186525939243,0.00808558083060553,0.000633130386360634,9.22286576117615e-05,2.25900383672135e-06,2.4856975376573e-07,2.6612588916855e-08
"5_1",0.0943262703441368,0.0421093611511486,0.8518040629024,0.0111975950783375,0.000508762831785651,5.16311546695446e-05,2.31653752201729e-06
"5_1",0.151390461035586,0.843781626973089,0.00421550382374469,0.00056264963014158,4.63288592577183e-05,3.0024717644479e-06,4.2720641650044e-07
"5_1",0.0953104101211699,0.0917453666180988,0.792532245943335,0.0185894924115313,0.00168959270997841,0.000116823378175961,1.60688177103329e-05
"5_1",0.187811649290894,0.796988248959636,0.0129439660435722,0.00200879580783466,0.000233760726172799,1.25920686710448e-05,9.87103219280514e-07
"5_1",0.994421638624946,0.00469424699958108,0.00070062691585052,0.000180897711775714,2.52990451739811e-06,5.67213441290345e-08,3.12198534403863e-09
"5_1",0.100146621146024,0.0823423694674969,0.801389973218614,0.0148112550255284,0.00118233118020839,0.000122253843299769,5.19611882827714e-06
"5_1",0.0701425664758325,0.916407289028044,0.00570529072260015,0.00757864427469583,0.000145049452657,2.0013015979709e-05,1.14703019080921e-06
"5_1",0.166165432595348,0.0522931582889615,0.733440518919757,0.0449136927035522,0.00299586383255077,0.000161130737433916,3.02029223968102e-05
"5_1",0.985946812030108,0.0129858076621462,0.000942929018280233,0.0001175529044568,6.69983935513449e-06,1.9274049684458e-07,5.8051566768736e-09
"5_1",0.289919349635985,0.1132068933222,0.572912350625747,0.0225541418633883,0.0012873263519343,9.67731471968583e-05,2.31650535484012e-05
"5_1",0.975842814173596,0.020718000174661,0.00281372975349237,0.000610760730512096,1.42899829789518e-05,3.93334959705961e-07,1.18498001514638e-08
"5_1",0.381397655996157,0.60997503034005,0.00750242897421494,0.00105609125497064,6.12038757061138e-05,6.89232076151117e-06,6.97238140456268e-07
"5_1",0.976219662981823,0.0223031318041709,0.00132467963603401,0.000136144412381206,1.61446053962612e-05,2.25117051685115e-07,1.14431425652811e-08
"5_1",0.112760140890191,0.884246684966176,0.00264076284775886,0.000298679686942304,4.30176541545225e-05,1.01639317105357e-05,5.50023066579821e-07
"5_1",0.992951510782391,0.00586576584617587,0.000955654615107404,0.000203118051223977,2.35749827614267e-05,3.31842101537718e-07,4.3880239269625e-08
"5_1",0.14108541975452,0.849300240309786,0.00884748524848418,0.000694622599713514,6.68292646711446e-05,4.05753305677934e-06,1.345289768351e-06
