"id","V1","V2","V3","V4","V5","V6","V7"
"1_1",0.966482596305703,0.0302042971112929,0.00312911591087023,0.000172826649446399,1.11213718947297e-05,4.17553226097386e-08,8.95470177885628e-10
"1_1",0.207074372906733,0.729083567617916,0.0614635126759585,0.0018526689465856,0.000454678636898242,6.67472164002986e-05,4.45199950864003e-06
"1_1",0.993651005118983,0.00602873554502436,0.000302373489617323,1.61164927221873e-05,1.76188087152987e-06,7.42928119112978e-09,4.35007228445161e-11
"1_1",0.612333987391707,0.368124604829691,0.0175431631797161,0.00192301730468885,7.38606139702229e-05,1.28471377975244e-06,8.19664470196514e-08
"1_1",0.210063550415759,0.770057845585709,0.0179745137629382,0.00150394767045037,0.000379169182631158,2.08040658098141e-05,1.69316702351566e-07
"1_1",0.980705164887598,0.0121445574719356,0.0065332621260968,0.00061454843711279,2.34076244043677e-06,1.19150964656713e-07,7.16385129525867e-09
"1_1",0.996435095764237,0.00324160913758537,0.000299465838924059,1.79948587411833e-05,3.10086058624308e-06,1.51715091073369e-06,1.21638901506711e-06
"1_1",0.212073582245326,0.742711688922844,0.0406154863228855,0.00450146973263981,9.44799163463792e-05,3.15955960333046e-06,1.33300354934527e-07
"1_1",0.580886624406984,0.173170421185998,0.240413265324625,0.00516979082660936,0.000331550248232254,2.18343832891052e-05,6.51362426321085e-06
"1_1",0.998439634605005,0.00137470132039848,0.000178256278529227,7.26343755188688e-06,1.38602384601276e-07,5.74935498305875e-09,6.77549056236072e-12
"1_1",0.271611729397292,0.709621065003398,0.017105089183792,0.00163521905468538,2.09599356267038e-05,5.86671506059627e-06,7.07101458401267e-08
"1_1",0.415016218047821,0.0925891811153945,0.487126252690653,0.00505313649552414,0.000200027224759559,1.47789274056678e-05,4.05498441964976e-07
"1_1",0.971616732373927,0.024036998499824,0.00405988725998879,0.00028213141893424,4.12104835144126e-06,1.23998297646678e-07,5.4006765286782e-09
"2_1",0.994699637645311,0.00448928234841727,0.000736613316000629,7.36982889694477e-05,7.527393119943e-07,1.38920767373386e-08,1.76991297970916e-09
"2_1",0.422494226907775,0.271603429255024,0.304093002642522,0.00169402202730431,0.000106564090495619,7.68646098727092e-06,1.06861589142288e-06
"2_1",0.997167257341033,0.00254136763643587,0.000284293108844299,6.90587046159661e-06,1.69021889760797e-07,6.67076731607742e-09,3.50568201473629e-10
"2_1",0.96505969079399,0.0335394674388568,0.00135736396003954,3.80323837899394e-05,4.75162252240555e-06,6.88069737936561e-07,5.73106345200908e-09
"2_1",0.605062099483046,0.0394473962021938,0.344150757045011,0.0108155544452144,0.000445582264247199,7.57539019579262e-05,2.856658329558e-06
"2_1",0.768878612696663,0.199971033994552,0.030646679401289,0.00047633182535322,2.2767301872474e-05,4.54867759758871e-06,2.61026730858846e-08
"2_1",0.877653488839754,0.114621653146563,0.00721634461666827,0.00048196626685592,2.2564386869786e-05,3.93184686498106e-06,5.08964238912184e-08
"2_1",0.337889623724295,0.274455369410771,0.288749914319042,0.0884611839815061,0.00912399523162015,0.000730837839842351,0.000589075492923643
"2_1",0.788595458490563,0.191703122574416,0.0191967219741931,0.000443167543282554,6.12693549973555e-05,1.66229564002727e-07,9.38329836987914e-08
"2_1",0.998450050306914,0.0011305339164396,0.000320491393873453,9.82503220587363e-05,6.06959208226389e-07,5.8688226585973e-08,8.41327915513588e-09
"2_1",0.440325984615947,0.0873403773169419,0.463094838256532,0.00563196694760112,0.00329556173419153,0.000292964824683453,1.83063041032056e-05
"2_1",0.387500005362928,0.599900665823583,0.0113070053966292,0.000936701473074766,0.000350226482004687,3.61642978569337e-06,1.77903199453017e-06
"2_1",0.911622164553296,0.0782906167059617,0.00964959871945899,0.000409638006221177,2.0144840891178e-05,7.5648579479956e-06,2.72316222918969e-07
"2_1",0.534745297330602,0.12051970503061,0.33074436338018,0.0117174225538579,0.00209170695364618,0.000160041685408962,2.14630656951478e-05
"2_1",0.740433339749735,0.23852611908496,0.0164333107699924,0.00404295817554017,0.000545936097937739,1.31417424385767e-05,5.19437939602075e-06
"2_1",0.179306507770876,0.308986395207427,0.0806087236525391,0.372528289180979,0.0520253097808465,0.00640573854809068,0.000139035859241658
"2_1",0.92733150578364,0.0672262382742702,0.00494967385333034,0.000476854035444336,1.55151730545929e-05,2.12779867246862e-07,1.00393585857088e-10
"3_1",0.725473693244259,0.0554478855365673,0.211466036565371,0.00604492232595179,0.00149585002599655,6.57582851255179e-05,5.85401672933301e-06
"3_1",0.218488415702689,0.766996910750615,0.0133631084503065,0.00109768835898539,5.32693320988502e-05,5.2778295885929e-07,7.96223465720145e-08
"3_1",0.187041490554902,0.307751517833509,0.138448892429567,0.348825881121319,0.017408583765722,0.000507128717504031,1.65055774766583e-05
"3_1",0.729129221368115,0.0899428917293372,0.179295322977159,0.00154366139063381,6.68022925695823e-05,2.04525691618169e-05,1.64767302324502e-06
"3_1",0.347865719859784,0.649540479701984,0.0021880357162124,0.000326230825760673,7.85370979486392e-05,9.9492251266969e-07,1.87579820069696e-09
"3_1",0.376188059366479,0.0668735971282023,0.502193589721615,0.041786741328088,0.0114485057163115,0.00149780485059885,1.17018887046198e-05
"3_1",0.986767707966627,0.0115749200470857,0.00157740011623721,7.52650947819936e-05,4.57559401555007e-06,1.11415794348468e-07,1.97654582267904e-08
"3_1",0.904491240814843,0.061353947975828,0.0327072837406829,0.00101276918691677,0.00022232576747095,0.000211711054425541,7.21459832865396e-07
"3_1",0.735097635057125,0.241174153789927,0.0179375833400535,0.00562529809966954,0.000152720914581234,1.25444122697145e-05,6.43863744200741e-08
"3_1",0.415930306054559,0.0927812233173221,0.459644622710288,0.0307403158710581,0.000850952094159235,4.95626069462684e-05,3.01734566708093e-06
"3_1",0.899957296410641,0.0954820436426919,0.00437151912529429,0.000144477963551603,4.41274759633777e-05,4.25930720209547e-07,1.09451137947958e-07
"3_1",0.305983256042055,0.690526625228041,0.00330515700012974,0.000165679535796474,1.86819469037073e-05,4.97848346875688e-07,1.02398726763005e-07
"4_1",0.870307223325717,0.119253951033739,0.00981343259840338,0.000546491443622626,7.63126064343826e-05,2.57866905693368e-06,1.03230262054282e-08
"4_1",0.19674590322117,0.0197577596923383,0.7651057153284,0.0166578495495669,0.00129838525587952,0.000390115423384135,4.4271529261025e-05
"4_1",0.897623356845914,0.0468478664416323,0.053851114717606,0.00157469398870122,9.32377689656451e-05,8.71326217692962e-06,1.01697500431152e-06
"4_1",0.939091167535385,0.0552978911893949,0.00344180066580484,0.00200396883366592,0.00016260785639456,2.4814110002697e-06,8.25083543277463e-08
"4_1",0.61734515246255,0.37971153893327,0.00252857791470521,0.000381406068231293,3.01738153971767e-05,1.34930702725363e-06,1.80149881939921e-06
"4_1",0.939559240685315,0.0472285638830263,0.0127086795842339,0.000475037172198394,2.83641099384306e-05,1.00180022463721e-07,1.43852655590015e-08
"4_1",0.968850829346316,0.0287188218525331,0.00226010581928866,0.000165172885729137,4.55737326813111e-06,5.0930239363766e-07,3.42047148529891e-09
"4_1",0.449988570202977,0.506648547946029,0.00878494560449429,0.033479182995635,0.0010412064336843,5.46367028369046e-05,2.91011434350954e-06
"4_1",0.945831662195874,0.0320978098501607,0.00987277044713583,0.00650123051750284,0.00516533761791329,0.000497894425307782,3.32949461059798e-05
"4_1",0.405027130581712,0.551999336477552,0.0413004957810089,0.00151677417130481,0.000149420670532787,5.76133264676562e-06,1.08098524247342e-06
"4_1",0.34260600308885,0.0915277835748627,0.563011990509682,0.00235613694274429,0.000459567325261809,2.54508013331764e-05,1.30677572658903e-05
"4_1",0.523300950491737,0.459438371315934,0.0163937793285648,0.000787420694287248,7.72152059515034e-05,2.03125500015988e-06,2.31708525790069e-07
"4_1",0.974101628180414,0.0117998356935231,0.00442756188742293,0.00406475767335195,0.00535605696289292,0.000247513891406902,2.64571098862899e-06
"4_1",0.394282629575586,0.541508619330731,0.0518400561467207,0.0110863213816281,0.0007519335897918,0.000473826653695157,5.66133218474224e-05
"4_1",0.730375640692925,0.0578212047063651,0.203838383347381,0.00635276850685822,0.00153846703744542,7.11550298108214e-05,2.38067921393256e-06
"4_1",0.562735569495431,0.431692793499049,0.00498652135225271,0.000573328287227715,1.12721214665466e-05,4.2751577867709e-07,8.77287940611494e-08
"5_1",0.173836159142561,0.788864674725512,0.035748483474907,0.000815482481093309,0.000726549543605986,8.55026446463244e-06,1.00367856267554e-07
"5_1",0.641733380949084,0.124473229389477,0.230562454136202,0.00285595858882576,0.000285791177247823,7.42915609648767e-05,1.48941981985839e-05
"5_1",0.869810167278994,0.117918713513387,0.0115346393721893,0.000725498529204638,1.0563105414231e-05,3.6537043943063e-07,5.2830371686471e-08
"5_1",0.353804519276255,0.636521724036158,0.00773219023063321,0.00163320698289022,0.000305286754719883,2.87941599656458e-06,1.93303347656471e-07
"5_1",0.0401350572645781,0.886113423747223,0.0644717165667338,0.00908206718216992,0.000190329137351225,6.47708531750283e-06,9.29016626490924e-07
"5_1",0.647714676886098,0.113495573302526,0.199232552555514,0.037020745216294,0.00226140335686452,0.000249573029943361,2.54756527603594e-05
"5_1",0.290522037895789,0.229957164272306,0.462651088454979,0.0160014756128611,0.000678220591448404,0.000121346243161299,6.86669294557559e-05
"5_1",0.806803189161028,0.186280456731627,0.00641811849539389,0.00048091991694703,1.69085456869565e-05,4.04589231127521e-07,2.56008551353724e-09
"1_2",0.296546786260823,0.691786576901088,0.0106790457403504,0.000861124106146756,0.000121594628237775,4.84004451203694e-06,3.23188423870341e-08
"1_2",0.988291501688215,0.0115430686815943,0.000156020772429354,8.83609117564375e-06,5.05676901616035e-07,6.53480332806228e-08,1.74165040706278e-09
"1_2",0.298167311173939,0.666441857977295,0.0300062453003856,0.0038949061676482,0.00134796199411319,0.000135680527672115,6.03685894637793e-06
"1_2",0.0979281486518883,0.0201714122579564,0.872310409723968,0.00937051153716714,0.000202896984244947,1.52234570613478e-05,1.3973877135825e-06
"1_2",0.984155523187725,0.0152768977391838,0.000453259346219642,0.000104352099752232,9.94106499775691e-06,2.42357136229819e-08,2.32640770532445e-09
"1_2",0.883175629610175,0.113787578439373,0.00294049751409719,9.04598891700443e-05,5.82429095847841e-06,8.4486515511305e-09,1.80757493768992e-09
"1_2",0.263780400396641,0.734461750831696,0.00157886722413008,0.000166178389034762,1.1964270762574e-05,8.25864002649924e-07,1.30237335823819e-08
"1_2",0.992238667516025,0.00747270712179941,0.000277028472487255,1.10821367306371e-05,4.76548894266239e-07,3.41529218489791e-08,4.05114175109438e-09
"1_2",0.934621188726005,0.047824188354243,0.0173207664638657,0.000226524988744143,7.24644858387238e-06,8.16501211113221e-08,3.36843762907122e-09
"1_2",0.281338616764617,0.693533922270481,0.0232685517275222,0.00181041506290671,4.35344091914124e-05,4.65406854465099e-06,3.05696737091295e-07
"1_2",0.0962574826115649,0.0201314919567096,0.871989456914777,0.0110647004100668,0.000540832326498365,1.46447687429296e-05,1.39101164075846e-06
"1_2",0.559774733727042,0.425471801025866,0.0129660579785346,0.00175106474011661,2.94097625285045e-05,6.23884015231941e-06,6.93925759841789e-07
"1_2",0.998475416309051,0.00125232029962325,9.24749671477195e-05,0.000177581197873213,2.19271335492919e-06,1.31772447693747e-08,1.33570557291051e-09
"1_2",0.5530900845036,0.433767410332372,0.0119674351260243,0.00106131141682177,0.000110545536514406,3.17852554170872e-06,3.45591258866714e-08
"1_2",0.81913026026551,0.0735387137469044,0.0990477632689991,0.00810165730707837,0.000170769441280259,9.66911572383191e-06,1.16685450368817e-06
"1_2",0.444067543186817,0.543104314407386,0.0112657049348189,0.00153740656929961,2.13852714231335e-05,3.5471881679582e-06,9.84420867460099e-08
"1_2",0.953049195736093,0.0186073982519767,0.0275988044054747,0.000710991411665276,2.91439902286081e-05,3.50317325443921e-06,9.63031307079754e-07
"1_2",0.187599624181658,0.105763410577992,0.699523198127306,0.00690603712404107,0.000184922424514368,2.14229232865815e-05,1.38464120241002e-06
"1_2",0.972390554206719,0.0264303579723212,0.000956209635559238,0.000221254934973179,1.55404429020054e-06,6.69613376640749e-08,2.24479907679009e-09
"1_2",0.230996477379217,0.0843101518494972,0.679972377975241,0.00445231440141804,0.000251797727616997,1.67344202979816e-05,1.4624671191046e-07
"1_2",0.274587630806938,0.724143066304998,0.000674134873086224,0.000584591329381492,9.29160383773389e-06,1.28138113521869e-06,3.70062415837878e-09
"1_2",0.995496661409061,0.0041496787729293,0.000316501298765386,3.60992409583332e-05,1.02370130299013e-06,3.47475679119261e-08,8.2941484670047e-10
"1_2",0.353298099841608,0.634964250402114,0.0114149701837013,0.000306442714060457,1.3152599820782e-05,2.49161622496705e-06,5.92642470595631e-07
"1_2",0.118796856498522,0.0189362978123647,0.859914306930329,0.00225946684755539,8.64777762180208e-05,6.07067887107011e-06,5.23456139525643e-07
"1_2",0.830944900339866,0.0534323253345346,0.111705800984172,0.00380936674749369,0.000103514688195523,3.91432838895729e-06,1.77577349534421e-07
"1_2",0.308183363698132,0.677827151902563,0.0121620530608789,0.00175330769699064,7.10270568866505e-05,2.98379068631443e-06,1.1279386259947e-07
"1_2",0.17460723589285,0.101810324198112,0.716959812063336,0.00425152645924533,0.00228139819015648,7.95796250462083e-05,1.0123571254049e-05
"1_2",0.996005060046707,0.00380476010047128,0.000175527205330339,9.60073123533938e-06,2.57473579157089e-06,2.42326602700617e-06,5.39144373524744e-08
"1_2",0.367303512982862,0.627640417597967,0.00344713983436499,0.00157937197658824,2.66816826671051e-05,2.8096255149273e-06,6.63000356367307e-08
"2_2",0.420536006653329,0.469127478344553,0.0544298030525375,0.0551743974498628,0.000674850049481575,5.45613043099068e-05,2.90314592571066e-06
"2_2",0.0490699012466636,0.13674047148089,0.794795786076376,0.00735592816808272,0.0111401334336071,0.00089314441347395,4.63518090645188e-06
"2_2",0.995836041723848,0.00383487313738101,0.000323642506852585,5.19683985943999e-06,2.40735868639251e-07,4.7756787648749e-09,2.80512063004355e-10
"2_2",0.356901645649062,0.641513158420688,0.0015260255803591,5.24646895122784e-05,6.52517710075949e-06,1.79990019855637e-07,4.93258564840889e-10
"2_2",0.995479702018935,0.00414418396256615,0.000231765782277118,0.000134409118098033,9.05696731572156e-06,7.57587190756816e-07,1.24563617296315e-07
"2_2",0.0607698498844954,0.0805586262546956,0.846609602793181,0.011456844968254,0.00058339598817662,2.08207733576261e-05,8.59337839492945e-07
"2_2",0.988218625965662,0.00922611694536647,0.00245520762148572,9.78882975876559e-05,2.01414874873904e-06,1.4487580214521e-07,2.14534709713552e-09
"2_2",0.226757516004872,0.643607325216292,0.120459268912219,0.00646350650857111,0.00253436243392216,0.000123486023335281,5.45349007885462e-05
"2_2",0.680451577368874,0.317913253717595,0.00142797161523943,0.0001847303909722,2.2192990708072e-05,2.6350751707969e-07,1.04090940672582e-08
"2_2",0.819991143216508,0.0747198557599854,0.0992102796410404,0.00529767158659047,0.000768598752741328,9.97306240017348e-06,2.4779807337045e-06
"2_2",0.997690525924493,0.00221458915816892,6.84412705982653e-05,2.40895364864752e-05,2.11537450493115e-06,2.37847238910732e-07,8.88509153400757e-10
"2_2",0.151628770560015,0.153274207811367,0.591465560821142,0.088408413898275,0.0148921354425837,0.000316538476027985,1.43729905895695e-05
"2_2",0.994057430226751,0.00370111923462483,0.00203777311952697,0.000200835115631333,2.80254704665254e-06,3.96445024197108e-08,1.11916603801856e-10
"2_2",0.439339687985253,0.53499144011332,0.0168276566995661,0.00839661898764225,0.000422420121911413,2.07745538840016e-05,1.4015384227221e-06
"2_2",0.997284348101244,0.0024797105970888,0.000210487950785668,1.72266516839592e-05,7.99107047193587e-06,2.35351569937391e-07,2.77156178402887e-10
"2_2",0.895190592765275,0.0790817302060339,0.0200072562235695,0.00269553698454051,0.00297247495259493,3.96334764388479e-05,1.27753915474601e-05
"2_2",0.99749263682247,0.00239847413919404,9.84108662803575e-05,7.46898673009531e-06,2.94811995214738e-06,4.82159767277482e-08,1.28493969762348e-08
"2_2",0.459597673215228,0.531748670526659,0.00837868008958146,0.000257503202984292,1.02115484743463e-05,7.21656672703584e-06,4.4850346387006e-08
"2_2",0.983595168423193,0.0140392173202182,0.00199075793750577,0.000327434239862404,1.12906224350526e-05,3.6070033943735e-05,6.14228423623528e-08
"2_2",0.997764285610336,0.00207884891196484,0.000148071324307387,8.69587189052745e-06,9.70492720020461e-08,1.14633399029946e-09,8.58956415714522e-11
"2_2",0.324832188112475,0.633794005619565,0.0384108826187188,0.00243584967559599,0.000483226167448906,4.25378620047796e-05,1.30994419111309e-06
"2_2",0.997351523684042,0.00255640696981778,9.04641391836564e-05,1.50015848604274e-06,4.93792785419101e-08,5.5662094290872e-08,7.09800900322773e-12
"2_2",0.0159060879328632,0.133527910927052,0.849208992588957,0.00118916344123636,0.000152850827042899,1.36833229218806e-05,1.31095992712324e-06
"2_2",0.998110177111358,0.00150950321032169,0.000369226435531706,1.01885411317843e-05,8.60088454854423e-07,3.9293334433173e-08,5.31986793426032e-09
"2_2",0.415764922723074,0.565029565192762,0.0159794661265553,0.00304658947966264,0.000177972710331735,1.22786466224549e-06,2.55902952619165e-07
"2_2",0.439390276836429,0.431518471247589,0.120786368307928,0.0078554373834352,0.000429126400287383,1.83693050241908e-05,1.95051930778419e-06
"2_2",0.948437716032921,0.0215119274069059,0.0290023614188727,0.000746707513772147,0.000251905507985059,4.69578315593676e-05,2.42428798368464e-06
"2_2",0.798792114901737,0.199402363253345,0.00156112660737447,0.000204259109286612,3.96088023256361e-05,3.33963289614881e-07,1.93362641527331e-07
"2_2",0.149858409576383,0.191495212209728,0.654632028284573,0.00367097677720166,0.000328957474967552,1.33623033246081e-05,1.05337382169867e-06
"2_2",0.898502676253909,0.0981625073293367,0.00319335815086643,0.000131873015565657,8.94386278168268e-06,6.31216543944145e-07,1.01709968138673e-08
"2_2",0.392743457286713,0.365710495296869,0.230915850372511,0.0100775018470196,0.000535197361863831,1.6999979053275e-05,4.9785597103558e-07
"2_2",0.966541317415999,0.0318321639651519,0.00154982447899926,7.25926445024638e-05,3.55135374014197e-06,5.34807848092273e-07,1.53337587449749e-08
"2_2",0.28846724365377,0.695472778444397,0.0150455300624903,0.000839442534517799,0.000169307594173842,5.22798067128234e-06,4.69729979006118e-07
"2_2",0.994040817108324,0.00562308719207398,0.000301790161280291,3.36451725138475e-05,4.30152429435996e-07,3.70746290630024e-08,1.93138749297749e-07
"2_2",0.398662971487354,0.596321425288762,0.00212285181234665,0.00281634198802882,6.14301076364896e-05,1.48255199985688e-05,1.53795873831034e-07
"2_2",0.993275421868568,0.00653851657484845,0.000182383414444113,3.5650748202171e-06,1.11414763905324e-07,1.64848956458583e-09,4.06594650285207e-12
"3_2",0.372715156554603,0.61590103258178,0.0106599422054049,0.000671946002703477,5.06280948162243e-05,1.28812989476796e-06,6.43079745844874e-09
"3_2",0.304328359752744,0.620111452663321,0.0624235059608762,0.00903407130669387,0.00401058243905904,9.01550336957367e-05,1.87284361032806e-06
"3_2",0.293971284611708,0.0684567024430655,0.623014692719942,0.0121728098238351,0.00230273036837627,7.88316322361158e-05,2.94840083718434e-06
"3_2",0.938152301564697,0.0577552587530893,0.00400311893749424,8.46418344448067e-05,4.57359991398526e-06,8.75718518290146e-08,1.77385091723702e-08
"3_2",0.442856623840855,0.547896462551237,0.00532943025257226,0.00293037499494459,0.000976430731094035,9.3428092808985e-06,1.33482001581086e-06
"3_2",0.874308574675484,0.111639069010899,0.0134395809501022,0.000587492843508543,2.34188342236641e-05,1.82309220241889e-06,4.05935804695916e-08
"3_2",0.24442364387861,0.70262299957202,0.0379060167129608,0.0133670155847011,0.00163850622551,3.22401174395638e-05,9.57790875845399e-06
"3_2",0.995884265444898,0.00391926276105766,0.000185028020678348,1.06453634290574e-05,7.89870275173688e-07,8.11174415261735e-09,4.27917191641266e-10
"3_2",0.281911705379956,0.717095288295219,0.000923345308290823,6.17550574254734e-05,7.66667548103808e-06,2.36719284040862e-07,2.5643441603056e-09
"3_2",0.224158348665905,0.0876017465240906,0.685116982556284,0.00299877552369794,0.000112238128218108,1.13831813493704e-05,5.25420455326869e-07
"3_2",0.843951100542352,0.149444593759056,0.00601466524132019,0.000567744907266348,1.8909989817665e-05,2.90394613955648e-06,8.16140478674042e-08
"3_2",0.666155239319478,0.18027054756145,0.146438555603438,0.00544117516231375,0.00163756258910884,5.34338945316698e-05,3.48586967933627e-06
"3_2",0.977368387454953,0.0219491457376238,0.00064338865462325,3.51714799254666e-05,1.96683455976184e-06,1.88470156734399e-06,5.51367471731384e-08
"3_2",0.104396489267494,0.0205781764803076,0.863451847110587,0.0101242683536959,0.00136386495024835,7.95523502550849e-05,5.8014874117865e-06
"3_2",0.884743901838023,0.0406720660117632,0.0725295586866822,0.00195733932463652,9.04368170874006e-05,5.33723586818891e-06,1.36008593923653e-06
"3_2",0.290900025262636,0.707908082938304,0.00101469130693042,0.000165087902290031,1.17255227662704e-05,3.84883381256719e-07,2.18369240427068e-09
"3_2",0.984026867079267,0.0154036979008634,0.000534243052671758,3.22010634382442e-05,2.94544166339013e-06,4.52871604623647e-08,1.74935480031049e-10
"3_2",0.0885880509615767,0.0248867894425863,0.885893732940325,0.000543934220031566,8.64339836815302e-05,7.63554623721491e-07,2.94897175242173e-07
"3_2",0.333706127537491,0.645064951304883,0.0201946579964078,0.000891889579229976,0.000130289986844582,1.17231529471885e-05,3.60442196495122e-07
"3_2",0.789410525342874,0.0947625605718533,0.111705554330785,0.00362076451504204,0.000488120749649464,1.13914148705153e-05,1.08307492622285e-06
"3_2",0.245477140555257,0.0488672860219235,0.704444242113861,0.00112982648428537,7.53196166662917e-05,4.56227877251827e-06,1.62292923423296e-06
"3_2",0.619425803281114,0.321489892133024,0.0475382923548794,0.0113357956004698,0.000193694748802814,1.38950386555318e-05,2.62684305401219e-06
"3_2",0.786138355372739,0.111554178025847,0.0858292135468761,0.0162398593226852,0.00021931174180251,1.52648212013885e-05,3.81716884840922e-06
"3_2",0.273730987613395,0.716934562850691,0.00895717392148774,0.000359559838237709,1.71639700393494e-05,5.31612628492817e-07,2.01935204644865e-08
"3_2",0.238157745436479,0.0859150961870961,0.669571695475442,0.00605551339416609,0.000275334397907464,2.44259937703589e-05,1.89115139291571e-07
"3_2",0.397107919440018,0.472994850491261,0.103359771634003,0.0262578438083602,0.000260375559979117,1.83745041164659e-05,8.64562261699269e-07
"3_2",0.418480762257686,0.578237743010629,0.00273106996443253,0.00053783187362239,9.65513820929872e-06,2.65332474896281e-06,2.84430671155918e-07
"3_2",0.865784735209302,0.0400729226248775,0.092654211739427,0.00141997707499879,6.61099658727367e-05,1.95370087900832e-06,8.96846424816816e-08
"3_2",0.34094603132205,0.655501095716248,0.00335414120905418,0.000184170507713997,1.432697467523e-05,2.29940366098375e-07,4.3298923203469e-09
"3_2",0.996031864539999,0.00342833551447573,0.000503809263175058,3.33876900341861e-05,1.83716764283125e-06,2.59524333101257e-07,5.06300340513837e-07
"3_2",0.21822217151247,0.0526361308339158,0.728438414953181,0.000627171222099183,7.4800704619818e-05,1.19190493620913e-06,1.18868778518274e-07
"3_2",0.330523089080388,0.66728048339953,0.00199669376309311,0.000181847606453575,1.68394081807857e-05,9.55428373845354e-07,9.13139798347491e-08
"3_2",0.882398182619486,0.0814557609878545,0.0342794696855151,0.00162324440428238,0.000239189114787008,3.51702907027248e-06,6.36159004621285e-07
"3_2",0.155969338009039,0.0888848529438512,0.723669904360758,0.0306433144391169,0.000691410285292818,0.000131078807765493,1.01011541774574e-05
"3_2",0.331538784277943,0.667123033720116,0.00122883425645223,8.83337742456573e-05,2.06839457004661e-05,2.52195418215951e-07,7.7830124225212e-08
"4_2",0.99592531405682,0.00395758992456186,0.000110658072292467,5.89915943758789e-06,4.76683654176749e-07,6.16534239570303e-08,4.49809857831027e-10
"4_2",0.503159181729869,0.428697300717719,0.0597632578526175,0.00747191690799318,0.000760497322105528,0.000130479975015083,1.73654946809373e-05
"4_2",0.863314318474969,0.0833991499720848,0.0467960852408174,0.00522383476079989,0.00124585624969817,1.97983404921637e-05,9.56961139053124e-07
"4_2",0.988189309569694,0.0116758536551524,0.00012526198431036,9.16202274019659e-06,3.87886808145335e-07,2.47198751375163e-08,1.61420206152682e-10
"4_2",0.0418088571098504,0.120254951403237,0.825915065890352,0.0111417026776588,0.00085874676937802,1.7695528119627e-05,2.98062140397532e-06
"4_2",0.506871854306603,0.461077704465764,0.00787714430897199,0.0230997225335049,0.00103808361068989,2.10961977440604e-05,1.43945767216796e-05
"4_2",0.0485793781741956,0.099504047378909,0.844648184980153,0.00516579648398178,0.00155138188389047,0.000544651374983224,6.55972388718728e-06
"4_2",0.377208716120211,0.538964497831826,0.0422927181785038,0.0401254820879534,0.00130445226516283,0.000102278710889509,1.8548054539316e-06
"4_2",0.981386019898085,0.012834332412892,0.00556602855328779,0.0002022334330905,1.0607613215958e-05,7.57624015694191e-07,2.04654129129837e-08
"4_2",0.212296833620597,0.176824634231745,0.604240322087409,0.00528892051282105,0.00129282387851163,5.49731450162967e-05,1.4925238991819e-06
"4_2",0.988435856423655,0.0113450653521511,0.000208062314101549,1.02324486578258e-05,4.12960309651994e-07,3.70332979004007e-07,1.68146039038622e-10
"4_2",0.0538249220198942,0.075704776028596,0.864861899559928,0.00504758195798117,0.000536088999665782,2.39311647811466e-05,8.00269153442737e-07
"4_2",0.92088350212894,0.0777126187774714,0.00116724987300919,0.000222204437962281,1.36353311046234e-05,5.47518314447944e-07,2.41933198405021e-07
"4_2",0.940621868430521,0.0555321718078884,0.00348543808880274,0.000337680159685212,2.06697497488389e-05,2.16730710350408e-06,4.45624992457513e-09
"4_2",0.846669873782343,0.10500969684186,0.043910482088652,0.00425277851288333,0.000150281921086432,6.66866144149296e-06,2.18191733432463e-07
"4_2",0.548030263785852,0.428750474139847,0.00777567515861775,0.0140680961985495,0.00131184037164427,5.70381719606015e-05,6.61217352917783e-06
"4_2",0.997148489099628,0.0026994709992245,0.00014056173046375,1.08681885719287e-05,5.42184882092817e-07,6.71164793700511e-08,6.80750499468463e-10
"4_2",0.37603055716478,0.537759545836304,0.0438706802907113,0.0327585808194945,0.00917201319608224,0.000363349616018812,4.52730766086054e-05
"4_2",0.990514941674618,0.00895709446696,0.000522220891125936,5.19838360658324e-06,4.29249155871045e-07,1.1329274490453e-07,2.04178867329099e-09
"4_2",0.412203434321212,0.483941724367063,0.0487752954405372,0.0252537431096772,0.0293013979336757,0.000517319816821277,7.08501101372058e-06
"4_2",0.541084132824123,0.242634992064629,0.206905255064029,0.00865273221356059,0.00069366330385964,2.86246719781422e-05,5.99857820582467e-07
"4_2",0.998296079517569,0.00148412405185446,0.00016187514446735,5.18278771230734e-05,5.25304261693048e-06,6.53646881179781e-07,1.86719488398885e-07
"4_2",0.949531707983952,0.0440645850735225,0.00441107657097249,0.00150396229342758,0.000483666573761079,4.99501438731463e-06,6.48997688965159e-09
"4_2",0.225890874132318,0.083047878624782,0.630917790654103,0.036566020796541,0.0216864839785628,0.00181981700376819,7.11348099253613e-05
"4_2",0.998563424954417,0.0013506212421247,8.38226924025377e-05,2.07145322656253e-06,5.83336082658391e-08,7.4170435536427e-10,5.82516184973319e-10
"4_2",0.217234126298404,0.120283890363979,0.655321369921651,0.00628743954827571,0.000832221627469029,3.43715278450752e-05,6.58071237596831e-06
"4_2",0.448749387965246,0.502279546727413,0.0270645526111024,0.0211656174064625,0.000725780263923815,1.46789602215998e-05,4.36065630940573e-07
"4_2",0.998909240824188,0.00105744398790387,3.1243056821056e-05,1.88255733482451e-06,1.75109112111184e-07,1.38054652090358e-08,6.59174645284745e-10
"4_2",0.491439078206235,0.467897647602315,0.0223085657959952,0.0165195978032118,0.00139272914225291,0.00034924247523251,9.31389747570906e-05
"4_2",0.552334097889486,0.409929356974173,0.0340854865880977,0.00294149970355901,0.000678166041432466,2.98683167881183e-05,1.52448646386271e-06
"4_2",0.788016596036548,0.196836008380127,0.0118377692170875,0.00316533697476796,0.000139149294586786,5.01721193045472e-06,1.22884953100064e-07
"4_2",0.377415600662425,0.615623810171938,0.00563215652445578,0.00129363325905677,3.36457472676581e-05,1.135123253763e-06,1.85116026121715e-08
"5_2",0.911750536484781,0.0859039966308381,0.00211731589842516,0.00019834383859964,2.96071396156587e-05,1.97600447556225e-07,2.40729254689991e-09
"5_2",0.286388056329404,0.0527046805213938,0.649878944932373,0.0107435037146214,0.000250670024218911,3.14706283703659e-05,2.6738496187226e-06
"5_2",0.241469379313741,0.427320703130199,0.318635353693705,0.0114092644964073,0.00112888649561161,3.53993974333453e-05,1.01347290306809e-06
"5_2",0.325681580572389,0.657543127700083,0.0112508092225037,0.00527008977069256,0.000245061356924317,9.1972763212859e-06,1.34101086099417e-07
"5_2",0.998841128094687,0.00107859033639514,7.82439891822079e-05,1.90424095424545e-06,1.28531177225032e-07,3.8736004041148e-09,9.3400346473734e-10
"5_2",0.260597811287974,0.737528530581396,0.00171124515060923,0.000142748352077177,1.77450887018999e-05,1.76699695168589e-06,1.52542290142215e-07
"5_2",0.936144412022975,0.0624285914199879,0.00125152136139344,0.00016771029934483,7.72202351694722e-06,4.25177802653523e-08,3.55001750143477e-10
"5_2",0.349552100180452,0.642101627889666,0.00757441533918882,0.000694608774419381,7.51036107948486e-05,2.01964643818365e-06,1.24559041587925e-07
"5_2",0.995508009627555,0.00334933998361897,0.0011133623687433,2.66379749468266e-05,2.40855126425066e-06,2.41412922569849e-07,8.09492220035123e-11
"5_2",0.922099343763437,0.0430662156855891,0.0339884130087488,0.000716843846831969,0.000121805461402179,2.09213147481079e-06,5.28610251631249e-06
"5_2",0.3086845695074,0.689655419999583,0.00122808076099802,0.000423896671476475,7.86646380629352e-06,1.60558647888556e-07,6.03808859462467e-09
"5_2",0.132391409411216,0.0334819173132004,0.794721134674379,0.0323042877613422,0.0066467323143502,0.000450015951091382,4.50257442048467e-06
"5_2",0.336937133068562,0.455125106008885,0.194214759966936,0.0131866849498971,0.000515037784160292,1.70602549004724e-05,4.2179666583705e-06
"5_2",0.447488043047357,0.543187549299024,0.00863270946427928,0.000600877253976529,9.00331234450455e-05,6.05223192947048e-07,1.82588724988118e-07
"5_2",0.0517374716597543,0.0511478437136327,0.889039873136,0.00714471433087757,0.000886277197710534,3.60207383053453e-05,7.79922371929299e-06
"5_2",0.713812650102986,0.278511361784292,0.00627777024527947,0.00130632944321401,7.97778771903563e-05,1.20440361109089e-05,6.65109278740041e-08
"5_2",0.955203478535208,0.0421035095421419,0.00253395005901123,0.00015604387391278,3.00619339977031e-06,1.1638828391835e-08,1.57498270721879e-10
"5_2",0.301806352640982,0.69264148398076,0.00500324984164205,0.000347137766506979,0.000171217278370802,2.94376864353151e-05,1.12080530283399e-06
"5_2",0.992966739420264,0.00568015319616305,0.00122084825580127,0.000129989811645449,2.24860763801215e-06,1.23578210394081e-08,8.35066745060145e-09
"5_2",0.726789427885718,0.0657959511314122,0.20572201489099,0.0014596086899849,0.000222347737772362,8.81574174104421e-06,1.83392238187596e-06
"5_2",0.957336507564416,0.0414836085948952,0.00113720129339291,3.83541446064211e-05,3.93595899944306e-06,3.89959889167671e-07,2.4838005945286e-09
"5_2",0.329551024334981,0.0382394794496499,0.624682796746943,0.0073481411305537,0.000172601311234548,4.93812861431768e-06,1.01889802326377e-06
"5_2",0.362630411339912,0.630763315062566,0.00517215243165469,0.00127826742200563,0.000143387770955385,1.21890130633944e-05,2.76959842636692e-07
"5_2",0.881771626295145,0.116544156391217,0.00142044268681441,0.000239516060974314,1.75499570604959e-05,6.69875793632401e-06,9.85085243716839e-09
"5_2",0.0626012163858232,0.0116796637863543,0.893207961005014,0.0310520139830294,0.00123362216195275,0.000220210860604067,5.31181722254406e-06
"5_2",0.367979751633608,0.616022548639901,0.0114443959371469,0.00118576061901065,0.0033138868363805,4.94834293904493e-05,4.17290456212518e-06
"5_2",0.989023110125703,0.00928358389752263,0.00167164552677547,2.0273332007022e-05,1.23567992888928e-06,1.51089543241644e-07,3.48519980716207e-10
"5_2",0.947085989945179,0.0485842725334452,0.00384453706357992,0.000403391204373247,6.88993985962238e-05,8.83958015191161e-06,4.07027467430627e-06
"5_2",0.279134351914233,0.718179747351672,0.00232663461971817,0.000338963539472455,1.9973227803376e-05,2.99315716885182e-07,3.00313836176058e-08
"5_2",0.997741610555853,0.00148501878837491,0.000657459713173511,9.07688045708627e-05,2.49656646071282e-05,1.75161588890553e-07,1.31183141735645e-09
"5_2",0.348945598174858,0.638670521636891,0.00591075892290246,0.00606976765596881,0.000296526829282092,0.000106382866614883,4.43913482159768e-07
"5_2",0.350666163061118,0.0339948878969336,0.606652752335625,0.00816985084833361,0.000450765732765866,5.99794646279567e-05,5.60066059567999e-06
"5_2",0.968599541942546,0.0288506357554651,0.0023860175234551,0.000128238721316649,2.9891169523902e-05,5.67110218174438e-06,3.78551139430698e-09
"5_2",0.388893542569292,0.595552979173,0.0147491604789442,0.000788885672138474,1.3197653451106e-05,2.10943490576419e-06,1.25018268400159e-07
"5_2",0.342561592040164,0.117054142475628,0.530738748214578,0.00791088341686297,0.0017094700436178,2.30887491041532e-05,2.07506004557497e-06
"5_2",0.522852612133582,0.473623739888962,0.00337135611689074,0.000141383465620841,1.08314170577741e-05,7.05316338664035e-08,6.44625271413919e-09
"5_2",0.161137929045548,0.837878562332495,0.000833078948336014,0.00012469241437278,1.89291020844717e-05,6.71023185658148e-06,9.79253071011752e-08
"1_3",0.374131839461252,0.182446327844809,0.0335895430195538,0.384423225633908,0.0221228986524977,0.00301660312882589,0.000269562259153022
"1_3",0.261267649465054,0.104792955715269,0.627767669622594,0.00600785664294384,0.000154406208820931,9.13052722749109e-06,3.31818090303062e-07
"1_3",0.990698684671539,0.00811360191849541,0.00101127817817941,9.34171187629049e-05,8.27676337227229e-05,2.50448408442076e-07,3.08925651898669e-11
"1_3",0.876391868443892,0.0626237571230839,0.00321116433736579,0.0552902464860418,0.0023083894097481,0.000172809897372035,1.76430249663159e-06
"1_3",0.325061485448058,0.673957542696417,0.00066290823538138,0.000235320826164923,8.25508128682202e-05,1.79823761536303e-07,1.21573492141866e-08
"1_3",0.306852910424192,0.0697365184945839,0.00875897698731517,0.556411711377464,0.0559375111726783,0.0022062484518736,9.61230918931417e-05
"1_3",0.058700268046499,0.0685133465402698,0.869668490031554,0.0028944337941928,0.000198551658329903,2.44974003376498e-05,4.12528816716789e-07
"1_3",0.14278295105108,0.850997361306051,0.00208881057223913,0.00349567866904108,0.000607583929158951,2.72831459988807e-05,3.31326430900423e-07
"1_3",0.823717016821389,0.108564190863975,0.0628442195806858,0.0046041022428081,0.000256849383987271,1.35586261433896e-05,6.2481011829996e-08
"1_3",0.434011903909198,0.154047675291057,0.0586853347886952,0.347764855079887,0.00486158455630729,0.000581434267730632,4.72121071239042e-05
"1_3",0.138401150672244,0.197763073572825,0.656294832026501,0.00693984773330925,0.000570622936744518,2.89520526817758e-05,1.52100569480646e-06
"1_3",0.298634124101697,0.687156043296905,0.0121738023499737,0.00185458443528949,0.000164158666134072,1.41621376861138e-05,3.12501231532511e-06
"1_3",0.201275075742663,0.207434077448126,0.0078387353036395,0.582159710279178,0.00120237024920716,8.80140803248975e-05,2.01689686110269e-06
"1_3",0.0371607164678579,0.151941328965721,0.80915078517878,0.0013409927540283,0.000360716246548418,4.3106418992104e-05,2.35396807173978e-06
"1_3",0.274180744234032,0.706213922527317,0.0167663230358356,0.00270273710339472,0.00012193736184493,1.37005203045801e-05,6.35217271304947e-07
"1_3",0.914357418986476,0.0721116097087798,0.0129518139483137,0.000513365662031021,6.22503221008312e-05,2.26912957913476e-06,1.27224271990524e-06
"1_3",0.657721719034155,0.0832068667033905,0.0140015754548341,0.223704209981879,0.0203530708106164,0.000885036241676442,0.000127521773448978
"1_3",0.0571103766318606,0.178959145416874,0.758635060803621,0.00457913040251774,0.000688691618840394,2.70205500998879e-05,5.74576185845111e-07
"1_3",0.332252753701071,0.637096048724143,0.0291190470379662,0.00147572003935481,4.90704960469502e-05,7.28598925925208e-06,7.40121588491555e-08
"1_3",0.250118691404355,0.0971456098100505,0.649083233237994,0.00339017037467524,0.000251225803255485,1.00048968755945e-05,1.06447279475345e-06
"1_3",0.441354610968369,0.126039678513043,0.05487334784152,0.338323985105675,0.0392793575907415,0.000109351464286931,1.96685163641729e-05
"1_3",0.383043275692303,0.611115680234494,0.00457350945436872,0.00114878753001213,0.000112011969787793,6.06702789794715e-06,6.68091136686179e-07
"1_3",0.158861399646103,0.192948280558755,0.643756135373645,0.00407302761462775,0.000306590795634245,5.4189579902671e-05,3.76431332956634e-07
"1_3",0.414427290319847,0.519469977961517,0.0567142975585943,0.00892416526208186,0.00042611134254467,3.7674818109737e-05,4.82737305711303e-07
"1_3",0.22875613272625,0.113261126419993,0.654143767844647,0.00370252147735929,0.000131317058516531,4.79000946794898e-06,3.4446376576382e-07
"1_3",0.594914435021306,0.0552924536595141,0.0145200871103607,0.304389902866543,0.03011381207611,0.000720186314840296,4.91229513259957e-05
"1_3",0.277926090986834,0.716144571982245,0.00401578872933323,0.00185438214753263,5.39615145216415e-05,4.40464943632056e-06,7.99990096729867e-07
"1_3",0.513069251583861,0.127517027447776,0.0780466590696832,0.273624291271934,0.00658571736317878,0.00108749654539927,6.95567181673715e-05
"1_3",0.296512031236836,0.527183534810466,0.168339992649918,0.00700187212273362,0.000947631914301504,1.24342581265462e-05,2.50300761805441e-06
"1_3",0.201748984656639,0.795455933043935,0.00252217612921683,0.00025781370893601,1.38288839114412e-05,1.26069382722227e-06,2.8835347017177e-09
"1_3",0.247272831456476,0.114264037553095,0.632590706218697,0.00514993836402832,0.000693084531717935,2.68376369895788e-05,2.56423899595137e-06
"1_3",0.314859834487401,0.656511646957347,0.0252087543341064,0.00323454332038177,0.000159598968665805,2.50628062661295e-05,5.59125832239752e-07
"1_3",0.695880852923105,0.0311923330283103,0.011688137271979,0.242523569966713,0.016956550274314,0.00160743290754454,0.000151123628034039
"1_3",0.251737769330463,0.202307395562993,0.538134125803313,0.00723862884670625,0.000545406044888822,3.36649926352452e-05,3.00941900068509e-06
"1_3",0.379904860655962,0.257924842142875,0.348522442686925,0.00852115816511984,0.00486034968556227,0.000259427158625188,6.9195049304848e-06
"1_3",0.158968355599931,0.100438248938,0.0100572366591746,0.718312613305667,0.0113447276562016,0.000863973848768585,1.48439922576257e-05
"1_3",0.301002338409002,0.645129828683649,0.0524317970420531,0.00135277322930097,6.28650664361511e-05,1.96683983495898e-05,7.2917120932835e-07
"1_3",0.475003572811805,0.157664285462722,0.0346979750050673,0.326416626038046,0.00606161005963542,0.000148771922471789,7.15870025336563e-06
"1_3",0.0232822968397291,0.0736195549770707,0.90255007710106,0.000507848934536353,3.87210127462124e-05,1.37180205487446e-06,1.29332802825633e-07
"1_3",0.571501516569904,0.188543181288933,0.0452550635929161,0.192269482663319,0.00208569079467346,0.000338693323103688,6.37176714980677e-06
"1_3",0.288121894661951,0.709717460500665,0.00171236010428734,0.00042959828290767,1.83528241431094e-05,3.00238176970577e-07,3.33878695863052e-08
"1_3",0.390005599670607,0.174769986069105,0.0299653111347531,0.382370765956179,0.0225565119291188,0.000280994857204883,5.08303830323348e-05
